# 50
0 1 3 35 32 27 2 15 25 26 43 
1 0 34 17 20 7 45 3 46 
2 3 20 48 7 0 11 19 21 
3 0 2 1 8 33 15 20 39 42 
4 8 9 42 34 14 12 24 39 
5 31 38 25 30 27 7 
6 29 8 23 34 7 21 24 33 37 48 
7 1 2 6 5 22 41 31 44 12 15 27 37 43 47 
8 3 4 6 46 37 29 34 44 17 40 
9 4 30 44 21 29 40 28 46 
10 24 42 20 11 26 40 
11 10 49 27 23 43 2 44 47 
12 7 47 4 23 19 21 25 30 35 41 
13 24 41 42 17 32 48 
14 4 40 30 41 31 36 32 42 
15 3 24 7 33 39 0 37 46 
16 39 33 40 29 48 27 32 38 42 
17 1 13 49 19 44 22 8 18 33 45 46 
18 29 41 43 19 17 22 26 31 39 46 47 
19 12 17 18 20 2 39 34 30 
20 1 2 10 19 3 42 33 34 41 49 
21 9 6 12 35 49 2 31 32 42 
22 7 17 47 40 37 23 18 38 
23 6 11 12 22 32 48 40 43 41 36 
24 10 13 15 4 6 30 26 34 36 43 49 
25 5 12 46 0 43 45 37 
26 10 24 18 44 49 0 36 27 39 45 
27 0 5 11 7 26 34 40 16 33 
28 47 34 9 42 36 29 49 
29 6 8 9 16 18 46 28 45 35 30 
30 5 9 14 24 12 47 29 19 38 
31 5 7 14 43 33 21 18 42 
32 0 13 23 21 16 36 14 46 41 44 
33 3 15 16 20 31 6 27 17 48 
34 1 4 6 8 19 20 27 28 41 37 24 40 49 36 
35 0 21 29 12 40 36 49 45 38 
36 14 26 28 32 35 34 24 39 23 
37 8 22 34 6 25 7 15 46 40 43 
38 5 16 40 22 35 30 41 
39 15 16 19 36 26 3 4 41 18 48 
40 9 14 16 22 23 27 34 35 38 37 10 8 45 
41 7 13 14 18 20 23 34 39 32 38 12 47 48 
42 4 10 13 20 28 14 3 21 31 16 
43 11 18 23 25 31 24 37 0 7 
44 7 8 9 17 26 32 45 11 
45 1 25 29 35 44 26 17 40 48 49 
46 8 25 29 32 37 17 15 1 9 18 
47 12 22 28 30 41 7 11 18 
48 2 16 23 45 13 41 33 6 39 
49 11 17 21 26 34 35 24 28 45 20 
#9.24
